Webots Project File version R2022a
perspectives: 000000ff00000000fd0000000200000001000002180000038dfc0200000001fb0000001400540065007800740045006400690074006f0072020000056800000056000002180000038d000000030000073800000039fc0100000001fb0000001a0043006f006e0073006f006c00650041006c006c0041006c006c010000000000000738000000000000000000000738000003cc00000001000000020000000100000008fc00000000
simulationViewPerspectives: 000000ff000000010000000200000116000005020100000002010000000100
sceneTreePerspectives: 000000ff0000000100000002000000c0000001020100000002010000000200
minimizedPerspectives: 000000ff00000000fd0000000200000001000002180000038dfc0200000001fb0000001400540065007800740045006400690074006f0072020000056800000056000002180000038d000000030000073800000039fc0100000001fb0000001a0043006f006e0073006f006c00650041006c006c0041006c006c0100000000000007380000006900ffffff000007380000039100000001000000020000000100000008fc00000000
maximizedDockId: -1
centralWidgetVisible: 1
projectionMode: PERSPECTIVE
orthographicViewHeight: 3.28308
textFiles: 0 "controllers/MyControllers/MyController.cpp"
renderingDevicePerspectives: SAKURA:Camera;0;0.154167;0;0
renderingDevicePerspectives: e-puck:camera;0;1;0;0
